C9orf152,0.218835299,0.346071947,0.078900763,0.229453042,0,0,0.126738949
RPS11,0.129013348,0.144865568,0.161315812,0.140276262,0.139158567,0.141245366,0.144125078
ELMO2,0.209124109,0.164581485,0.05313458,0.175239344,0.084328037,0.178742556,0.134849889
CREB3L1,0.001517591,0.006291058,0,0.003490098,0.031432867,0.957268386,0
PNMA1,0.331823086,0.118282668,0.033142564,0.066252528,0.141517126,0.262202206,0.046779822
MMP2,0.039109825,0.001670153,0.000675934,0.029906338,0.259533022,0.669104727,0
TMEM216,0.166614577,0.176501756,0.114208387,0.157936396,0.156627547,0.1801825,0.047928836
TRAF3IP2-AS1,0.108524704,0.174660847,0.176074261,0.100988746,0.176664765,0.107581118,0.155505558
LRRC37A5P,0.00941449,0.073523277,0,0.405033426,0,0,0.512028807
LOC653712,0.07056778,0.134462783,0.194805959,0.103138616,0.147369651,0.110294442,0.239360768
C10orf90,0.846164303,0.013081608,0.002133709,0.057278348,0.07309805,0.008243982,0
ZHX3,0.120351606,0.147559915,0.156343451,0.075585575,0.221232123,0.182654145,0.096273185
ERCC5,0.122380848,0.200168479,0.145897348,0.112689831,0.099758625,0.163362861,0.155742006
GPR98,0.220974396,0.136853927,0.059498602,0.016277509,0,0.566395566,0
RXFP3,0.642097807,0.106279392,0,0.251622801,0,0,0
CTAGE10P,0.203792899,0.41756395,0.277244073,0.101399078,0,0,0
APBB2,0.134490246,0.051057547,0.048755363,0.033816078,0.358768669,0.321828898,0.0512832
KLHL13,0.130720295,0.028360123,0.017826051,0.070324785,0.104708429,0.426997116,0.221063202
KRTAP10-8,0,0.068023195,0,0.644011489,0,0.287965315,0
PDCL3,0.212915257,0.110769202,0.078137827,0.166205725,0.10739597,0.162665664,0.161910355
AEN,0.238814788,0.127678898,0.135673805,0.049746061,0.152765472,0.231471049,0.063849927
FRG2,0.083169149,0.138308504,0.166464047,0.121460254,0.332946768,0.038946514,0.118704763
DECR1,0.171280304,0.111126175,0.08314029,0.210427716,0.174588346,0.147950905,0.101486265
SALL1,0.070891419,0.199238908,0.124418168,0,0,0.605451506,0
GGT3P,0.249145428,0.430986644,0.089701978,0.23016595,0,0,0
CADM4,0.382979774,0.027257369,0.006773157,0.100889908,0.407858065,0,0.074241727
RPS18,0.148759089,0.144117858,0.154964602,0.12662765,0.139164999,0.143016718,0.143349084
SLC10A7,0.151006212,0.11372746,0.096405988,0.161502311,0.189646951,0.167148787,0.120562291
CFHR5,0.055316635,0.537477646,0.109066048,0.298139671,0,0,0
OR2K2,0.141097196,0.336481235,0.522421569,0,0,0,0
BRIX1,0.32343781,0.105665884,0.096093708,0.069848947,0.118175649,0.225926499,0.060851503
MIR378F,0,0,0,0,0,0,0
LMAN1,0.207969098,0.093220659,0.070696827,0.119229202,0.199079492,0.244319723,0.065484998
CHD8,0.137685229,0.159110999,0.147798909,0.10403701,0.196388604,0.149225447,0.105753802
SUMO1,0.20593547,0.112733919,0.088820405,0.141981317,0.164643987,0.180749649,0.105135253
MIR941-2,0,1,0,0,0,0,0
GP1BA,0.005267711,0.015244435,0.014020243,0.017363474,0.477988625,0.470115512,0
MIR1233-2,0,1,0,0,0,0,0
BSN-AS2,0.065676656,0.177842243,0.171130346,0.125852426,0.154130398,0.099095529,0.206272403
BOLA3-AS1,0.164903076,0.162238079,0.148865648,0.091803923,0.154478322,0.149139411,0.128571541
UQCR11,0.184560812,0.124725894,0.093262444,0.161504502,0.156366456,0.150826101,0.128753791
DDB1,0.265635904,0.104155718,0.086365666,0.104100903,0.160084828,0.21216281,0.067494171
MYO9B,0.1256516,0.117146567,0.127017184,0.263916346,0.07349128,0.125673404,0.167103619
MMP7,0.293796582,0.233254003,0.322700043,0.150249373,0,0,0
MIR1976,0,0,0,0,0,0,0
CRNKL1,0.155258958,0.089525228,0.093247311,0.125111894,0.179173116,0.08217451,0.275508983
MIR618,0,0,0,1,0,0,0
XAB2,0.19047761,0.157714669,0.132452367,0.132563186,0.169517026,0.133424485,0.083850657
RTN1,0.078741853,0.007902319,0.025864527,0.816777146,0,0.070714155,0
KLHL14,0.0193786,0.034219784,0.73870385,0.062994333,0.094463677,0,0.050239756
ADAM21P1,0.250057393,0.332929554,0.417013054,0,0,0,0
TBX10,0.757543098,0.242456902,0,0,0,0,0
ZBTB12,0.131111048,0.251561501,0.1462441,0.224830249,0.019561056,0.147203679,0.079488368
UTY,0.164378038,0.245887589,0.225469981,0.124899795,0.053027054,0.032693088,0.153644454
MIR515-2,0,0,0,0,0,0,0
CENPQ,0.200956952,0.083576841,0.089957109,0.080241633,0.13142509,0.383261396,0.030580981
ZAR1L,0.123349531,0.277004006,0.599646463,0,0,0,0
DTNBP1,0.184227097,0.120299339,0.180098017,0.173850052,0.126664175,0.124754167,0.090107153
MIR3156-3,0,0,0,0,0,0,0
KBTBD8,0.022451873,0.139118333,0.535231522,0.129779337,0,0.075873051,0.097545883
ZEB1,0.034095966,0.121528997,0.078561727,0.019138106,0.308333408,0.346947057,0.091394739
ZG16,0.080857617,0.225388228,0.200583993,0.090752113,0.162683413,0.056559042,0.183175595
PRKAG2-AS1,0.141908568,0.052664274,0.091930549,0.222182694,0.060203567,0.348540141,0.082570207
FAT4,0.005041242,0.011595988,0.009568042,0.0012102,0.603716903,0.298865277,0.070002347
LOC728040,0.119709444,0.880290556,0,0,0,0,0
LOC100216546,0.12491154,0.202153108,0.193594494,0.116611074,0.12137065,0.118722984,0.12263615
MIER1,0.126486886,0.155864661,0.100223876,0.100745523,0.149022117,0.183898087,0.18375885
CHD9,0.169662822,0.07966201,0.141237373,0.131580855,0.144994478,0.163739611,0.169122851
STK16,0.233239844,0.136212469,0.126778409,0.082554854,0.118930196,0.187714613,0.114569614
ARID3C,0.300663667,0.012715339,0.686620994,0,0,0,0
TOB2,0.255264793,0.117480804,0.119662423,0.085197109,0.126934753,0.194063999,0.10139612
MIR1246,0,0,0,0,0,0,0
INIP,0.130386994,0.173711016,0.163029307,0.143512955,0.116040632,0.111580733,0.161738364
BANK1,0.002085479,0.008649075,0.816066377,0.03449211,0.012956136,0.057190424,0.068560398
OR2V2,0.54824503,0.45175497,0,0,0,0,0
MIR489,0,0,0,0,0,0,0
SFTA2,0,0.168998698,0.831001302,0,0,0,0
GRM2,0.014814713,0.087489788,0.090306868,0.035510391,0.269907771,0,0.50197047
PROSC,0.154022377,0.102083036,0.079581723,0.161989274,0.157954107,0.185016915,0.159352568
MIR4511,0,0,0,0,0,0,0
SPIN2B,0.244155723,0.11068977,0.091706737,0.015850043,0.208165531,0.09552976,0.233902436
PIR,0.673286085,0.012548673,0.005180163,0.052503009,0.138688958,0.117793112,0
IPO9,0.169974053,0.139096712,0.120854769,0.084280264,0.175230736,0.175144385,0.135419082
FLJ26850,0.171252306,0.412209581,0.252497773,0.164040341,0,0,0
TTTY1B,0,0,0.096921912,0,0,0,0.903078088
EVC,0.325508746,0.109890236,0.072516409,0.031921249,0.09346938,0.345611765,0.021082214
CXCL13,0.022203704,0.951752434,0.013989732,0.000233947,0,0.011820183,0
KIAA1199,0.091680762,0.014276401,0.009457198,0.000181355,0.48792342,0.377557862,0.018923003
EHHADH-AS1,0.043425403,0.151316134,0.211745223,0.127031181,0.167090808,0.053491758,0.245899494
SORL1,0.031417117,0.15898423,0.125092906,0.277579674,0.000394168,0.045137908,0.361393998
NAT10,0.26371185,0.123240209,0.152077833,0.08152873,0.098928607,0.169177223,0.111335547
CHD1,0.154414552,0.152637591,0.149492784,0.147665204,0.155701174,0.089531758,0.150556937
SYN3,0.412244518,0.023178084,0.213836184,0,0.328747734,0.02199348,0
LINC00210,0.076805518,0.111049654,0.212288736,0.250700044,0.349156048,0,0
SLC22A2,0.170565269,0.220133387,0.385838564,0,0.22346278,0,0
SERPINF1,0.176048595,0.011250884,0.015229201,0.137560306,0.011875167,0.627902273,0.020133575
WDR34,0.360282539,0.036026263,0.117336218,0.039889896,0.085504559,0.322406586,0.038553939
OR7A17,0.110633063,0.256140257,0.095003492,0.217220995,0,0.321002193,0
POTED,0.175380195,0.239568413,0.513513549,0.071537844,0,0,0
EPT1,0.220880591,0.150866999,0.13785944,0.060971261,0.19594915,0.099026313,0.134446247
LHB,0.538126335,0.083670541,0.069239661,0.073828219,0,0.235135245,0
TAOK3,0.147246539,0.120398652,0.115810294,0.187179899,0.085149386,0.154962996,0.189252234
STK25,0.15693297,0.104305287,0.057153806,0.092410439,0.331321847,0.190003352,0.067872298
OR10X1,0.211127338,0.245172258,0.543700404,0,0,0,0
CDC25B,0.195120942,0.142139194,0.084322371,0.051741721,0.224636543,0.164131401,0.137907827
BMP3,0.070190293,0.235280074,0.35912262,0.112381408,0.090019925,0.096556046,0.036449634
TMEM180,0.109877671,0.119273009,0.109769585,0.318029091,0.180382391,0.046831003,0.115837251
MAP1LC3C,0.082534265,0.202212359,0.186707654,0.120154313,0.149150127,0.091703457,0.167537824
MIR564,0.153931998,0.151387809,0.323734323,0.37094587,0,0,0
CRYGC,0,0.285815467,0.714184533,0,0,0,0
POU3F1,0.493656019,0.272205096,0.234138884,0,0,0,0
HIGD1B,0.138821989,0.229445129,0.631732882,0,0,0,0
USP6NL,0.406773534,0.019272623,0.292372688,0.126706945,0.07558929,0.04826995,0.031014969
LINC00460,0.664139131,0.134542481,0.201318388,0,0,0,0
ABCD4,0.142416311,0.082321002,0.085780875,0.083360991,0.395656051,0.1331313,0.077333469
C11orf93,0.046282746,0.049312886,0.388781715,0,0,0.515622654,0
TEK,0.001964051,0.003906518,0.003463583,0.001078805,0.904018178,0.049196968,0.036371897
SLC25A46,0.172218766,0.118159995,0.08823467,0.142471986,0.143258582,0.233619861,0.10203614
LARP7,0.150509301,0.119028972,0.119287831,0.136341934,0.173577038,0.187681307,0.113573616
CD160,0.010947124,0.094613126,0.010968534,0,0.022855903,0,0.860615313
MT1JP,0.221707219,0.075278436,0.064925913,0.219050133,0.094028926,0.192563988,0.132445385
PHF20,0.153343735,0.138893052,0.16962169,0.131609575,0.11796018,0.139051839,0.14951993
CPNE4,0.030111864,0.207764958,0.092429886,0,0,0.669693293,0
HNF1A-AS1,0.089875182,0.208520352,0.196256912,0.111578089,0.119476074,0.097695484,0.176597908
GTPBP1,0.169135206,0.156074819,0.156593968,0.121353861,0.106482256,0.093332401,0.197027488
RAB33B,0.104874051,0.165155897,0.171813079,0.095760835,0.143817877,0.124612399,0.193965861
GLUD1P7,0.084126379,0.197243731,0.174382619,0.107667205,0.144807106,0.10473217,0.187040789
ALDOC,0.329245339,0.153539553,0.063435394,0.22878285,0.04860386,0.04266094,0.133732064
ZNF212,0.280120757,0.156240714,0.110777858,0.077349641,0.074207116,0.301303915,0
NUDT1,0.273277119,0.123718092,0.075939095,0.21576869,0.020250576,0.236269845,0.054776583
FAM170B-AS1,0.182197904,0.509737143,0.308064953,0,0,0,0
RFPL2,0.568712754,0.131630795,0.03120642,0,0.181602766,0.086847265,0
ZNF83,0.105208782,0.111005843,0.102359816,0.109209681,0.247957409,0.199100447,0.125158022
IPW,0.257978717,0.124257238,0.107784866,0.045031691,0.076318518,0.116969868,0.271659102
MIR630,0,1,0,0,0,0,0
GDPD5,0.218250942,0.06460051,0.063311374,0.023152835,0.427591229,0.20309311,0
PDCD4,0.107787735,0.192793443,0.17476753,0.098304586,0.127682778,0.090286597,0.20837733
CEP350,0.17984412,0.119293576,0.134711594,0.124417627,0.155379163,0.145000954,0.141352966
ARL14EPL,0,0.477303306,0.522696694,0,0,0,0
OR10A2,0.142993761,0.05374097,0,0.088429844,0,0.714835424,0
CST7,0.012823017,0.36843874,0.006444609,0.038533292,0.003628161,0.006153823,0.563978358
SELL,0.012470896,0.212747223,0.406828015,0.164509483,0.041649474,0.020574682,0.141220227
CIAO1,0.204497849,0.126621442,0.117384338,0.114065668,0.133499314,0.109707703,0.194223686
SNORD115-26,0,0,0,0,0,0,0
RNF223,0,1,0,0,0,0,0
OR8J3,0.269287157,0.730712843,0,0,0,0,0
LTBP4,0.10084313,0.081058332,0.051143622,0.040389291,0.361429816,0.348190786,0.016945022
DCAF4L1,0.227091903,0.161134584,0.109671203,0.065803674,0.314158797,0.050481873,0.071657965
OR6C1,0.123009971,0.332161323,0.544828706,0,0,0,0
SIRT6,0.158337535,0.098997226,0.09113174,0.104531621,0.182878967,0.18591356,0.17820935
CCL19,0.005887263,0.008638862,0.007717775,0.044853726,0.046060028,0.879182187,0.007660159
MIR3121,0,0,0,0,0,0,0
PPIL1,0.409977876,0.091861218,0.08614177,0.069507733,0.140900773,0.149769538,0.051841091
GBP7,0.265478791,0.210021927,0.086278566,0.327453942,0.082385827,0,0.028380946
STK17A,0.058336392,0.22881886,0.257020905,0.034728005,0.024764932,0.145629565,0.250701341
OR9G1,0.275325782,0.395793382,0.142507375,0,0,0.186373462,0
ABR,0.205260379,0.114219616,0.055454999,0.205236078,0.167307265,0.151204331,0.101317332
PCDHA13,0.088720135,0.000876337,0.226237764,0,0.684165764,0,0
FOXE1,0.178065502,0.404268955,0.417665544,0,0,0,0
SIAH3,0.076721809,0.191804452,0.159906471,0.080242723,0.071891554,0.040164423,0.379268569
RIMBP3B,0.077151208,0.252085909,0.116701577,0.194912762,0.15766674,0.201481804,0
GML,0.109759136,0.217793668,0,0.672447196,0,0,0
CNGA3,0.100316927,0.175212306,0.296300693,0.278597198,0.149572876,0,0
CD38,0.013859663,0.21379567,0.098622511,0.260216072,0.046775194,0.06218588,0.304545009
ZDHHC6,0.127005092,0.154920743,0.136005055,0.12048123,0.15623527,0.196922817,0.108429792
NEFH,0.415810938,0.162964328,0.109936744,0.183122477,0.030287614,0.097877899,0
PGBD5,0.076681525,0.044347098,0,0.613787405,0.178722379,0.086461593,0
CTDSP2,0.195661315,0.082285221,0.074843386,0.103851802,0.200140163,0.268948377,0.074269736
ZNF257,0.08073587,0.179845718,0.310581088,0.032143014,0.117205044,0.082078728,0.197410538
RMND5B,0.220236197,0.105907364,0.10426958,0.132834708,0.160941434,0.225397265,0.050413452
CCNY,0.11833792,0.092213844,0.076533259,0.207933953,0.312305232,0.104189123,0.088486669
EXOSC7,0.266758848,0.095921174,0.095484267,0.106499483,0.122650354,0.189251436,0.123434437
C11orf88,0.068453094,0.081323202,0.067599794,0.095738306,0.38725829,0.091459728,0.208167586
ROR2,0.009923807,0.014738479,0.006742065,0.028706083,0,0.939889566,0
LOC338758,0.048781544,0.079805721,0.13892609,0.459400723,0.093376064,0.079022518,0.100687342
MAOA,0.227674527,0.010118714,0.004235629,0.041140016,0.559377927,0.139195592,0.018257594
TNNT3,0,0.03512685,0.005391348,0,0,0.910742362,0.04873944
GYPC,0.229351742,0.131142196,0.099932751,0.107697117,0.203139871,0.116596171,0.112140154
MIR3120,0,0,0,0,0,0,0
C7orf33,0,0.234522849,0,0,0.765477151,0,0
AP4B1-AS1,0.088306427,0.216068277,0.212058718,0.105210413,0.121279907,0.099828613,0.157247645
RNF4,0.139194013,0.15883066,0.125901469,0.127174911,0.144698364,0.185436652,0.118763931
EMC1,0.186103703,0.124681135,0.13249241,0.105452383,0.130125477,0.161318535,0.159826358
F8A1,0.166599745,0.161099937,0.103317074,0.15117563,0.107313643,0.184574797,0.125919174
HDAC7,0.042612935,0.118678832,0.093949166,0.041222136,0.333338968,0.188685679,0.181512284
PLEKHG4,0.401270685,0.075890315,0.018992806,0.029235886,0.066656792,0.328241125,0.079712391
GRB2,0.126108249,0.120363723,0.1781367,0.207002562,0.105279772,0.117319724,0.145789269
LINC00597,0.140987794,0.036298516,0.155251692,0.126624677,0,0.540837321,0
AGPHD1,0.475533223,0.102563518,0.014784961,0,0.235085531,0.172032767,0
HIST1H2AD,0.226085635,0.222361549,0.19326713,0.229492512,0,0.044093409,0.084699765
DUS3L,0.269106564,0.108395875,0.125171326,0.089325181,0.176211114,0.157537979,0.07425196
EIF1,0.151082454,0.145126221,0.141252141,0.139954721,0.137480728,0.147155793,0.137947942
FPGT,0.311274584,0.070724258,0.06400384,0.22451622,0.108738425,0.19802876,0.022713913
CHST15,0.014077939,0.005983447,0.095294114,0.318978622,0.432776609,0.13288927,0
MIR4442,0,1,0,0,0,0,0
GPN2,0.255442488,0.10221437,0.050622159,0.166676544,0.160113676,0.216928461,0.048002303
GDF10,0.012526865,0.050264269,0,0,0.297136357,0.640072509,0
COQ9,0.264959631,0.079019635,0.061526067,0.070593601,0.1939861,0.234506096,0.095408869
TRAPPC9,0.184209476,0.173038943,0.130752311,0.119443311,0.165884957,0.091303568,0.135367434
MIR101-2,0,0,0,0,0,0,0
DKFZP434I0714,0.324766984,0.132463486,0.097943811,0.077531322,0.104832468,0.262461929,0
GCC2,0.169802677,0.208840773,0.160536937,0.091792911,0.129025796,0.133187418,0.106813489
RARRES3,0.050873422,0.248366375,0.052836891,0.126189956,0.106019295,0.10366523,0.312048831
PLXNA1,0.397132875,0.023747776,0.012022327,0.160195004,0.135521116,0.251875997,0.019504905
KIAA0100,0.163408272,0.099661284,0.104092167,0.115192594,0.228136105,0.161332386,0.128177193
PMF1,0.186567878,0.162090189,0.103447226,0.139534612,0.15876081,0.165418218,0.084181066
FNDC1,0.003104595,0.011569345,0.008296845,0.001184867,0,0.975844347,0
HS2ST1,0.244600371,0.078034751,0.101519904,0.094736388,0.265101911,0.173745405,0.04226127
CRELD2,0.228483154,0.074014272,0.052650064,0.10803161,0.155684939,0.303062948,0.078073013
CD82,0.104999286,0.177808759,0.207727243,0.162803041,0.101239352,0.134780482,0.110641837
C8G,0.143163677,0.098887343,0,0,0,0.757948981,0
SPINK14,0,0,0,0,0,0,0
PIRT,0.256983452,0.743016548,0,0,0,0,0
LIM2,0.001160234,0.021201485,0.015501476,0,0,0,0.962136805
MIR193A,0,0,0,0,0,0,0
MMP16,0.468173913,0.029922305,0.00010583,0,0.304610381,0.197187571,0
MIMT1,1,0,0,0,0,0,0
LOC100133091,0.352982923,0.202788382,0.177580543,0.151084177,0.01572724,0.029342511,0.070494224
DRD3,0.012584214,0.106492299,0.035863168,0.070856025,0.29539443,0,0.478809864
PTP4A2,0.169466744,0.161258334,0.10320557,0.141236721,0.12027089,0.170957542,0.133604199
OR4M2,0.118203637,0.096599611,0.173977235,0.611219516,0,0,0
C11orf73,0.211768365,0.101473653,0.088619505,0.091918349,0.198053877,0.201234107,0.106932144
HPCA,0.092729602,0.047171894,0.06433688,0,0.795761625,0,0
SEC14L1,0.17341416,0.071959395,0.078664597,0.194034827,0.22099778,0.082837437,0.178091803
METTL25,0.18415918,0.141426552,0.146603313,0.112531434,0.135263074,0.261988715,0.018027733
NME8,0.010242961,0.030309388,0.010504388,0.326444681,0.102903721,0,0.519594861
EMILIN1,0.043410984,0.002363711,0.00630259,0.006114337,0.24014483,0.701663547,0
CHFR,0.125036346,0.197853076,0.065337866,0.166606185,0.243943327,0.099210362,0.102012838
NDUFS4,0.267131336,0.07949201,0.085695175,0.147053658,0.148067117,0.255961749,0.016598956
TP53TG3C,0.832904095,0.044930848,0.006834884,0.011602594,0,0.103727579,0
COL18A1,0.116891821,0.019372274,0.008107207,0.030988227,0.599049344,0.217977522,0.007613606
PDZD3,0,1,0,0,0,0,0
PRAMEF7,0.223608067,0.124463855,0.651928078,0,0,0,0
MIR591,1,0,0,0,0,0,0
FAXC,0.503183777,0.08360299,0.08559811,0.030011145,0.09487613,0.202727848,0
C9orf16,0.210530397,0.145504007,0.077143404,0.12203469,0.141637071,0.13048056,0.17266987
ERBB2IP,0.175810282,0.151364379,0.12171494,0.122924708,0.15925425,0.131669845,0.137261596
FUS,0.139383291,0.147612901,0.141503943,0.125089773,0.148792661,0.150465135,0.147152295
EMX2,0.121118614,0.080103616,0.061967628,0.004033568,0.101508389,0.623008453,0.008259732
TF,0.812064734,0.02200153,0.010505842,0.013709252,0.141718643,0,0
CXorf56,0.112732454,0.174151226,0.173893619,0.121049945,0.14041968,0.113495462,0.164257616
CLCN4,0.189596389,0.018075371,0.19493467,0.04053081,0.386391755,0.170471006,0
NPR1,0.009698917,0.005223506,0.007631047,0.000181126,0.787857607,0.181708903,0.007698894
ELAC2,0.172242364,0.116539898,0.118488608,0.132240378,0.168428272,0.201479552,0.090580929
CELA1,0,0.461869467,0.538130533,0,0,0,0
ASS1,0.029046363,0.074890321,0.044648591,0.010396328,0.474788372,0.291455692,0.074774334
USP42,0.181293686,0.177790485,0.084906344,0.117178802,0.068721281,0.160868086,0.209241316
RNU6-33,0,0,0,0,0,0,0
EMC8,0.219424171,0.093231443,0.04393502,0.152901756,0.154218563,0.308946593,0.027342455
SEC23IP,0.124989123,0.138900942,0.141791391,0.150133301,0.181064033,0.171097364,0.092023846
POLR2J,0.236449761,0.115589593,0.103205211,0.133749184,0.1109536,0.153926241,0.146126409
UQCRC1,0.229385353,0.083185561,0.070396656,0.180319985,0.125536942,0.178432054,0.13274345
LOC729603,0.09825346,0.208929055,0.185203085,0.11530105,0.111785783,0.092275936,0.188251631
ERVV-2,0.29601329,0.350727692,0.353259017,0,0,0,0
POLG,0.170310636,0.154044385,0.107422788,0.137555926,0.087061758,0.171424084,0.172180424
ADAM23,0.16843006,0.051983314,0.022069861,0,0.665501086,0.092015679,0
MIR4641,0,0,0,0,0,0,0
TFR2,0.177362557,0.248851894,0.115867107,0,0.044336392,0.204433228,0.209148822
RICTOR,0.14885313,0.194198163,0.16547621,0.073205239,0.127080064,0.131584128,0.159603066
GRXCR2,0,0.266517439,0.733482561,0,0,0,0
FLJ42709,0.167403377,0.058710294,0.044357914,0.037290273,0.298153372,0.313406383,0.080678387
SNORD105,0,0.349749344,0,0.650250656,0,0,0
IDO2,0.120382105,0.125491437,0.279494428,0.474632029,0,0,0
HLA-J,0.098579724,0.173223806,0.114990179,0.19874861,0.177601708,0.094929736,0.141926237
C19orf55,0.161896514,0.144707199,0.147642926,0.066656342,0.138638909,0.208114888,0.132343223
FONG,0.222649405,0.06392957,0.159512931,0.421750195,0.057167148,0.07499075,0
SNAPC1,0.139964832,0.1211027,0.143361263,0.115635607,0.145963136,0.215266941,0.11870552
GNA11,0.215622958,0.010978145,0.016449213,0.048228671,0.286859465,0.421861548,0
LOC654342,0.303731857,0.015195087,0.00786809,0.04999628,0.221680387,0.384847781,0.016680517
FSIP1,0.054212935,0.06508333,0,0.161473613,0.181274135,0.537955987,0
CELA3A,0,0.073634357,0,0,0,0,0.926365643
UPF3A,0.111435681,0.092060499,0.122317374,0.107573156,0.26364307,0.151631531,0.151338689
IGSF11,0.877864149,0.028000663,0.025738758,0.056170238,0.00605284,0.004745443,0.001427909
RNU6-34,0,0,0,0,0,0,0
LAGE3,0.329370105,0.099424039,0.076547853,0.129730512,0.124033883,0.122061552,0.118832055
CHST6,0.101975467,0.193386757,0.202198871,0.109490547,0.139132099,0.085243852,0.168572407
UNC13B,0.294790964,0.009538692,0.002925521,0.080057961,0.380469431,0.232217432,0
MIR550B1,0,1,0,0,0,0,0
TTLL4,0.443336653,0.050683043,0.051098113,0.134584914,0.079438695,0.130085977,0.110772605
ZNF687,0.238929181,0.125488873,0.088802787,0.0963991,0.094328784,0.190514595,0.165536681
FLJ45974,0.534136625,0.167516591,0.103583522,0.004403613,0.137276226,0.036104261,0.016979162
SDC2,0.153592726,0.003955263,0.003721293,0.225660485,0.004669139,0.608401094,0
METTL21A,0.117645917,0.163403483,0.162186672,0.12854611,0.148794359,0.121732416,0.157691043
COX7A2,0.220804889,0.124498656,0.094541827,0.15265676,0.151532008,0.152994439,0.102971421
CETN4P,0.456039286,0.158006525,0.063099078,0,0,0.322855111,0
MIR4483,0,0,0,0,0,0,0
LOC100132707,0.202112769,0.11187198,0.138484802,0.131999133,0.10555174,0.147858059,0.162121516
LAMB4,0.142335184,0.089080545,0.171315302,0,0,0.042832259,0.55443671
FAM24A,0.121861432,0.017050772,0,0.861087795,0,0,0
PDP1,0.20689522,0.084929102,0.072368092,0.185502565,0.141433014,0.218363728,0.090508279
LRRTM3,0.03276731,0.125146898,0.13914231,0,0,0.149063487,0.553879994
GPHB5,0,1,0,0,0,0,0
AHCYL2,0.520839531,0.083562466,0.069714504,0.071691214,0.133801638,0.009979293,0.110411355
OR4C13,0.11962306,0.259555618,0.243961339,0.037174023,0.33968596,0,0
IZUMO2,1,0,0,0,0,0,0
FLJ39739,0.114007707,0.181416154,0.190642294,0.126776466,0.139115631,0.092460793,0.155580954
TRIM64C,0.084118936,0.170535671,0.019641988,0.385528378,0.181760925,0.158414102,0
HABP4,0.261145149,0.107377429,0.045925575,0.045576155,0.230497724,0.148726,0.160751968
TMEM125,0,0.182693158,0.16486141,0,0,0.652445432,0
MIR548AU,0,0,0,0,0,0,0
CNTN2,0.136433383,0.22228194,0.327565034,0.221982707,0,0.091736936,0
MIR885,0,0,0,0,0,0,0
ASNSD1,0.257939062,0.115806217,0.096134893,0.114177717,0.19845685,0.155694862,0.061790399
FUT4,0.092028792,0.165670139,0.141355303,0.149885596,0.205337712,0.136237383,0.109485074
BAGE4,0.884016773,0.046069589,0.018917385,0.020403573,0.016575573,0.000827755,0.013189352
LINC00675,0.128183592,0.042577299,0,0,0,0.82923911,0
RP9,0.24626674,0.09379766,0.218043702,0.099721481,0.141676808,0.132979045,0.067514563
ARAP1,0.097167608,0.0933819,0.117392855,0.271180472,0.109663903,0.148522746,0.162690517
CDH8,0.142696353,0.199155408,0.445503121,0.212645117,0,0,0
AGPS,0.209619565,0.094202023,0.052479879,0.119351881,0.175623279,0.235114452,0.113608922
PP14571,0.110456982,0.063735256,0.050779322,0.018882636,0.756145804,0,0
CLEC4GP1,0.078958907,0.220057656,0.193364132,0.104227348,0.136644841,0.078502835,0.188244282
LINC00305,0,1,0,0,0,0,0
UNG,0.323238797,0.136814124,0.115779502,0.051058013,0.112041483,0.130867034,0.130201047
LOC284344,0.146293411,0.185726338,0.181089856,0.290303969,0.101486201,0,0.095100224
GSTP1,0.234078273,0.064738438,0.080248122,0.167125006,0.119528406,0.169350808,0.164930946
DCUN1D5,0.235725632,0.159215412,0.187455215,0.072842373,0.101810558,0.180385416,0.062565395
SLC9A3R1,0.103053086,0.272316077,0.076372639,0.063550252,0.052438835,0.083666575,0.348602536
FAM218A,0.253340339,0.147581711,0.226165413,0.058460165,0,0.314452372,0
LILRA6,0.024999775,0.069986766,0.065022941,0.689731783,0.064144684,0.036873045,0.049241008
CHMP7,0.148594298,0.181802794,0.30516264,0.082435699,0.061072842,0.137705574,0.083226153
REM2,0.116090591,0.461297304,0.422612106,0,0,0,0
MIR637,0.035242816,0.043050387,0,0,0,0.921706798,0
DNHD1,0.162045274,0.198125875,0.224706019,0.035834808,0.233330971,0.089230028,0.056727025
MIR122,0,0,0,0,0,0,0
FKBP4,0.385370151,0.090424555,0.068980266,0.127073427,0.158829882,0.143404891,0.025916828
ZNF350,0.135220009,0.136795143,0.134924346,0.208556438,0.110242967,0.119334897,0.1549262
BST1,0.140412139,0.006851784,0.007136178,0.333507289,0.041416344,0.470676265,0
KISS1R,0,1,0,0,0,0,0
NCR2,0,0.087103911,0.752951934,0.159944154,0,0,0
MIR3690,0.123979585,0.193705933,0.130396942,0.308861689,0.117818833,0,0.125237018
DEFB125,0.570884089,0.429115911,0,0,0,0,0
UBE2W,0.170631807,0.12480123,0.122418307,0.172266785,0.161220835,0.138884622,0.109776414
OR2T29,0.167775362,0.182204992,0.413249478,0.236770168,0,0,0
SNORA78,0.133362222,0.12973645,0.213140508,0.19377334,0,0,0.32998748
KRT15,0.224631617,0.066251203,0,0,0,0.70911718,0
C10orf99,0.225895145,0.405840408,0,0.368264447,0,0,0
SCN11A,0.084084293,0.225804898,0.204721964,0.08934338,0.132084805,0.072524567,0.191436092
GFI1,0.009734626,0.561786108,0,0,0.031647042,0,0.396832224
FHL1,0.063657684,0.024611073,0.014335565,0.003615586,0.251169347,0.628691435,0.01391931
SMC6,0.187288567,0.090186904,0.220910742,0.064948048,0.112783316,0.243740807,0.080141617
OSGEP,0.150088209,0.099374129,0.152110678,0.147626119,0.118325696,0.193870967,0.138604203
GATA1,0,1,0,0,0,0,0
TTTY14,0.341323905,0.114176391,0,0,0,0,0.544499704
LPIN3,0.158349708,0.159768231,0.164050154,0.116585649,0.118575977,0.143262784,0.139407496
RPL4,0.150275796,0.147426887,0.155779063,0.133236835,0.13984531,0.145337369,0.128098741
RBPMS,0.112039206,0.018717182,0.028992825,0.024403069,0.431620946,0.36393151,0.020295261
LOC100506172,0.070992265,0.168111467,0.25707297,0.130870757,0,0.050741154,0.322211386
PRPF3,0.191990285,0.125685137,0.117733364,0.083351234,0.159637716,0.161563444,0.160038821
EMR1,0.021669123,0.092788025,0,0.885542851,0,0,0
SPATA19,0,1,0,0,0,0,0
XCR1,0.06863959,0.213663616,0.338909937,0.064166985,0.205805945,0,0.108813926
IRX3,0.298212099,0.037311549,0,0,0.08923324,0.575243112,0
ELFN1,0.036549934,0.018842538,0.023710289,0.010779405,0.745044844,0.149193576,0.015879414
RBM6,0.123161194,0.123846775,0.167525974,0.1084321,0.18704694,0.129021943,0.160965075
MIR4698,0,1,0,0,0,0,0
CYSTM1,0.36517946,0.036527601,0.019594481,0.185467628,0.194351736,0.175215619,0.023663476
KLF4,0.180765032,0.00746546,0.026892289,0.248560345,0.301479228,0.234387743,0.000449904
IFITM10,0.300233486,0.034683141,0,0.298293005,0.016005469,0.156387505,0.194397393
MIR5010,0.033895657,0,0.484135624,0.481968719,0,0,0
LOC729177,0.246849897,0.08320752,0.025867143,0.002206014,0.641869425,0,0
UNC5CL,0.331961521,0.158826551,0.133166114,0,0,0.032880202,0.343165611
C16orf71,0.209105068,0.056527675,0.119617469,0.127565603,0.442214934,0.04496925,0
LOC100527964,0.148094778,0.104349067,0.199590354,0.075497631,0.321377763,0.032751823,0.118338583
LOC100128252,0.118373301,0.05247028,0.068478825,0.032908142,0.31174312,0.329701659,0.086324673
SEBOX,0.036825178,0.169338719,0.793836103,0,0,0,0
BTK,0.008502081,0.005870286,0.573755552,0.382084136,0,0.029787945,0
KRCC1,0.209915459,0.099842813,0.117999639,0.14335535,0.049684858,0.212018206,0.167183674
SYTL5,0.628134331,0.025359787,0.048256287,0.001967187,0,0.032851375,0.263431034
PRND,0.078607021,0.201895746,0.217190378,0.116480782,0.146850014,0.100350926,0.138625133
PIGL,0.123420224,0.14520677,0.163128147,0.067683462,0.229957748,0.134191335,0.136412315
MOB1B,0.14612333,0.176296237,0.154814728,0.148482549,0.121710933,0.126775238,0.125796984
HUS1,0.176356941,0.153367873,0.144588769,0.113808064,0.164032945,0.105522089,0.142323318
DNAJC30,0.245925818,0.14487333,0.127575608,0.081702696,0.126029319,0.151961495,0.121931734
HID1,0.092630163,0.020206814,0.031810373,0,0.85535265,0,0
UIMC1,0.119733199,0.134070958,0.156734765,0.07874317,0.216901817,0.175183017,0.118633073
FXYD2,0.006223242,0.198391528,0.044966975,0.241248632,0.509169624,0,0
C17orf77,0.084314071,0.199123178,0.198745504,0.086327402,0.215897053,0.069080171,0.14651262
ZNF667,0.08333626,0.177021935,0.18445677,0.098455071,0.150028499,0.140946069,0.165755395
PTGES3L-AARSD1,0.719671376,0.104200478,0.176128146,0,0,0,0
ZCCHC12,0.081887003,0.666930475,0.010912474,0.240270048,0,0,0
TFEC,0.00626754,0.018182972,0.079966138,0.89558335,0,0,0
ATP7B,0.191083405,0.036087715,0.007337984,0.064868709,0.383653668,0.316968519,0
C2orf78,0.126891332,0.373610586,0.346666082,0.073362735,0,0.079469264,0
POLD2,0.313717445,0.075169882,0.082848196,0.078558256,0.137742815,0.270970051,0.040993356
ABCC6P1,0.092376969,0.709399091,0.19822394,0,0,0,0
MIR3180-3,0,0,0,0,0,0,0
C1orf145,0.130249009,0.197184357,0.320319192,0.144691505,0.171940797,0.035615139,0
ACOT2,0.209145039,0.101429374,0.076069391,0.093584737,0.178234434,0.195027068,0.146509957
HIST1H4I,0.189547334,0.242129869,0.13917145,0.201752704,0.119363598,0.108035045,0
ECRP,0,0.060760319,0,0.939239681,0,0,0
PPARGC1A,0.542594757,0.081947999,0.091920675,0.14417564,0,0.139360929,0
ETFA,0.196517309,0.105974511,0.081022328,0.149991132,0.146718412,0.180859045,0.138917263
ZNF146,0.193647571,0.121884526,0.108268314,0.103998448,0.134391606,0.181047553,0.156761983
POLRMT,0.24526523,0.124369467,0.084970168,0.098252679,0.1522112,0.183770212,0.111161044
MIA2,0.037485202,0.271594132,0.06405092,0.125435943,0,0.309572139,0.191861664
KLHL6,0.039421084,0.195964468,0.257206918,0.188259589,0.065285733,0.04257925,0.211282959
LOC440311,0.109458935,0.245167549,0.288447791,0.028230998,0.190073018,0,0.138621709
NENF,0.405410188,0.047267127,0.040876019,0.202237581,0.051110671,0.245424526,0.007673888
HOXB5,0.200784802,0.026107793,0.03031275,0,0.371761176,0.371033478,0
ARGFX,0.092658679,0.184031544,0.187999923,0.115705455,0.163181674,0.084756988,0.171665737
PRSS22,0.374072074,0.183179539,0.442748387,0,0,0,0
CASC4,0.156572081,0.128237305,0.135626001,0.110985103,0.152677218,0.199677708,0.116224585
LOC400752,0.27409916,0.13153733,0.184745767,0.059820573,0.042068524,0.214700675,0.093027972
LOC338799,0.093310576,0.158051202,0.147361826,0.050390155,0.151816256,0.1659756,0.233094385
GTSF1,0.365417974,0.18615392,0.17161135,0.276816755,0,0,0
CUL4B,0.195877474,0.113196987,0.141192128,0.133328267,0.125131383,0.1820828,0.109190961
CENPJ,0.158603908,0.086795934,0.129963968,0.110826891,0.11528906,0.312444321,0.086075917
PITX1,0.45604671,0.54395329,0,0,0,0,0
AKIRIN1,0.220617007,0.144542052,0.111649882,0.114895388,0.115822122,0.18521881,0.107254739
MIR452,0,0,0,0,0,0,0
CELSR3,0.227597519,0.170396895,0.090902145,0.132694902,0.289888425,0.003989313,0.084530802
LOC100132735,0.05628567,0.068347775,0.071464222,0.396105136,0.208156968,0.199640229,0
LCN15,0.250832749,0,0,0,0.749167251,0,0
DNAJC9,0.183796987,0.161896637,0.107066063,0.089539546,0.176241219,0.203984738,0.07747481
ZNF568,0.153662886,0.147966073,0.141551408,0.094818768,0.245276447,0.112054776,0.104669642
ITSN1,0.162929545,0.007632706,0.010983632,0.214579241,0.275972188,0.327531276,0.000371412
LOC653486,0,1,0,0,0,0,0
EHBP1L1,0.131305241,0.167280291,0.063910713,0.22365593,0.136358105,0.133073913,0.144415806
MT1DP,0.476845129,0.204349897,0.030486085,0,0.288318889,0,0
DCTN1,0.209802229,0.091389312,0.067706226,0.100492405,0.202033373,0.248629167,0.079947287
LIN28B,0.253650937,0.205101352,0.103356464,0.030131906,0.036915621,0,0.370843721
TNKS2,0.109953698,0.171769872,0.152009162,0.117197454,0.20783392,0.140243444,0.10099245
TMEM241,0.118195408,0.137098056,0.169101764,0.079122941,0.181596393,0.135016304,0.179869134
DUX4L3,0.103477544,0.249828251,0.356993359,0.204845572,0.084855273,0,0
C1QBP,0.200531067,0.098825919,0.101431021,0.135122187,0.184987348,0.18087347,0.098228988
CADPS2,0.262941202,0.020878233,0.027439905,0.007341317,0.370477071,0.30910104,0.001821231
SRMS,0.127815169,0.062384668,0.809800163,0,0,0,0
GJA9,0.1464365,0.052449612,0.113578311,0.009307683,0.397569182,0.185591316,0.095067396
TRIM45,0.129907794,0.197324965,0.155303783,0.080284704,0.166069836,0.079825247,0.19128367
LOC392232,0.185759226,0.782528882,0.031711892,0,0,0,0
TCP1,0.22453332,0.109202013,0.084315191,0.111485608,0.139912568,0.223997297,0.106554004
TMED7,0.211575685,0.083640227,0.057914424,0.19056088,0.172704827,0.222919481,0.060684477
CMA1,0,0.612879601,0.387120399,0,0,0,0
CENPL,0.126803927,0.158285383,0.142471763,0.079364983,0.089897565,0.204090964,0.199085415
PTCRA,0.227717783,0.024285938,0.031976353,0.635752992,0.04767917,0.032587763,0
MIR2054,0,0,0,0,0,0,0
FST,0.12183236,0.004115824,0.006461472,0.004080441,0,0.828243644,0.035266259
VWCE,0.327086086,0.090318651,0.026911873,0.012265637,0.426784229,0.116633524,0
PAWR,0.073838281,0.013929389,0.271751441,0,0.219692652,0.338138963,0.082649274
TBC1D3B,0.304429393,0.085099854,0.070619486,0.027282759,0.345150018,0.167418491,0
SNORD91A,0.457403675,0.087241613,0.455354713,0,0,0,0
ABCC12,0.031886162,0.183011566,0.050600823,0.08794609,0.170061276,0,0.476494083
SYCE3,0.963029396,0.036970604,0,0,0,0,0
LDLR,0.125785879,0.140434495,0.116001145,0.1154192,0.203915202,0.162965493,0.135478586
CXCR2P1,0.004622897,0.009782073,0.020602695,0.950964349,0.014027986,0,0
ASTN2,0.125589974,0.164023876,0.162967484,0.114420595,0.152629502,0.126898999,0.153469571
LINC00577,0,0,0,0,0,0,0
TAB2,0.130999948,0.199258335,0.107793623,0.228274711,0.094271946,0.130501659,0.108899779
GPATCH8,0.168438867,0.153811036,0.130103456,0.088643136,0.147774375,0.162728979,0.14850015
TANC2,0.17382062,0.030444576,0.034798499,0.173713054,0.277248038,0.230050691,0.079924522
KIF4A,0.266568539,0.085988807,0.082038311,0.006637008,0.139317369,0.419449967,0
FAM161A,0.161826505,0.164883521,0.161898168,0.065330567,0.153511883,0.106939781,0.185609574
PGM1,0.317411995,0.072190413,0.064626199,0.073623598,0.136233791,0.25935104,0.076562963
SNORA11C,0,1,0,0,0,0,0
CPD,0.162515181,0.088365984,0.026824155,0.130181743,0.265291128,0.200559736,0.126262072
SNORD116-7,0.421797066,0,0.578202934,0,0,0,0
SNCAIP,0.017995789,0.025434535,0.011560616,0,0.814523392,0.130485668,0
DCT,0.732028426,0.036814792,0.021470767,0.15276595,0.005944605,0.028535278,0.022440181
ANXA8,0.454034059,0.462960781,0,0.08300516,0,0,0
HLA-DOA,0.028024493,0.092444387,0.382885013,0.337391414,0.073659999,0.026757795,0.0588369
LOC340073,0.146476186,0.441119981,0.412403833,0,0,0,0
OR11L1,0.501141494,0.057363622,0.441494884,0,0,0,0
UPK1B,0.081896445,0.214969242,0.191848415,0.121954248,0.110776701,0.114835294,0.163719656
DNAJB4,0.214058422,0.089103821,0.040943028,0.07276686,0.248616919,0.27393367,0.06057728
UGT1A8,0.025775918,0.169631179,0.347279051,0,0.457313852,0,0
HIST1H4L,0.055002288,0.228680126,0.154931675,0.561385911,0,0,0
GOLGA8EP,0.03450491,0.100106804,0.125175949,0.037576588,0.251471396,0.036812999,0.414351353
PECR,0.207539149,0.148001974,0.144121704,0.117282596,0.141932866,0.136713671,0.10440804
WFIKKN1,0.776012469,0.172709321,0.05127821,0,0,0,0
MIR16-2,0,1,0,0,0,0,0
HSPA2,0.36104896,0.026083594,0.016684853,0.051650175,0.248545119,0.25389231,0.042094989
SERP1,0.153765835,0.119490166,0.133721349,0.19525583,0.092413447,0.14777358,0.157579794
SYDE2,0.093984135,0.202794903,0.182595321,0.112859491,0.11778892,0.134565691,0.155411539
CNTNAP3B,0.20521353,0.015173058,0.022292252,0.007406045,0.676088835,0.010296705,0.063529575
C15orf60,0.110135703,0.130144709,0.369062056,0,0,0.390657533,0
TACR2,0.237404051,0.130252947,0.066157378,0.004466281,0.316342689,0,0.245376652
SVOPL,0.072140409,0.123398601,0,0,0,0,0.80446099
NUP85,0.202973864,0.115675884,0.085419061,0.105117467,0.183001182,0.182525988,0.125286555
SNORA18,0.508796177,0.121105518,0.139681792,0.230416513,0,0,0
CD177,0.010135185,0.272176401,0.022049146,0.007720982,0,0.687918286,0
EDDM3B,0.018638578,0.113192925,0.149104882,0.719063615,0,0,0
PIGG,0.192555267,0.135167937,0.09110914,0.046549167,0.218996584,0.240518028,0.075103878
LGR5,0.017757021,0.018258275,0.002041834,0,0,0.96194287,0
MIR3671,0.121450743,0.209817399,0.668731858,0,0,0,0
LINC00348,0.091159452,0.148095868,0.12046423,0.045962451,0.319109547,0.078556868,0.196651584
LOC574538,0.095581511,0.147906306,0,0.033023452,0.334504115,0.25339588,0.135588735
SCARNA2,0.225696257,0.174289361,0.166689502,0.161095873,0.049584283,0.181299608,0.041345116
RAB5A,0.228586386,0.102865564,0.066000868,0.158904956,0.178724844,0.216568633,0.048348748
LRRC16B,0.195524214,0.288409444,0.085748376,0.221483966,0,0,0.208833999
FLJ13224,0.087047726,0.261314443,0.259353805,0.289377735,0,0.102906292,0
DCAF11,0.140563196,0.17323759,0.136514837,0.148804406,0.111430529,0.122334919,0.167114522
USP9Y,0.126907224,0.267360299,0.238358891,0.082498282,0.04566437,0.001402909,0.237808025
C7orf53,0.381572035,0.056872689,0.047046134,0.235978694,0.058591939,0.169701706,0.050236804
PLEKHM3,0.121368812,0.144100831,0.143174358,0.118085286,0.138160824,0.135512156,0.199597733
LRP1B,0.102203259,0.177641202,0.236037103,0.357338682,0.126779754,0,0
XAF1,0.078462036,0.169803542,0.147591642,0.15070254,0.173327976,0.121698369,0.158413895
TMEM244,0.02146632,0.687232957,0,0.291300723,0,0,0
MIR4727,0,0,0,0,0,0,0
ENKUR,0.114438365,0.134038725,0.113758117,0.022602456,0.060918462,0,0.554243875
ANKDD1A,0.110746143,0.157997083,0.090188281,0.126278843,0.289100274,0.139171165,0.08651821
ABCG8,0.214555272,0.415273438,0.261687174,0.108484116,0,0,0
MIR4444-1,0.210863705,0.074994078,0,0.019717115,0.694425102,0,0
LOC100505474,0.07347412,0.158182093,0.294755875,0.473587912,0,0,0
DAND5,0.101785775,0.1890792,0.189906259,0.115352615,0.140138189,0.091316394,0.172421569
SPAG6,0.070851526,0.220900805,0.17612096,0.135758308,0.095142477,0.069042344,0.232183579
LOC100133161,0.088345281,0.122662736,0.116024961,0.357855198,0.163574514,0.105920108,0.045617202
ZDHHC22,0.168544443,0.289985887,0.333303524,0.080876421,0.127289725,0,0
CCDC60,0.065468763,0.045824339,0.103256026,0.166790046,0.618660827,0,0
THOC7,0.239712862,0.09331775,0.084395352,0.152012558,0.160024619,0.18512525,0.08541161
TCTA,0.157769322,0.141142693,0.148143726,0.095393527,0.161736515,0.144592937,0.151221279
OR8K3,0.05828699,0.098128442,0.1194665,0.724118067,0,0,0
MIR4660,0,0,0,0,0,0,0
GGTLC2,0.062448233,0.486047226,0,0.451504541,0,0,0
B2M,0.112884568,0.158118915,0.141113819,0.155377305,0.145932176,0.129446687,0.157126529
LPPR4,0.17760824,0.073439574,0.182518313,0,0,0.566433873,0
C6orf141,0.253085535,0.006260985,0,0,0.74065348,0,0
SQLE,0.278205252,0.07768459,0.075821628,0.084513596,0.064873085,0.321255491,0.097646358
MIR891B,0,0,0,0,0,0,0
LOC100129046,0.193203377,0.077239389,0.183472896,0.162563693,0,0.383520645,0
SEPHS1,0.153301341,0.101012833,0.056974433,0.077369312,0.287026684,0.21744756,0.106867837
GLIPR2,0.023969987,0.099371692,0.033575405,0.259088965,0.160189953,0.167389339,0.256414658
PLRG1,0.219931699,0.107154677,0.112369866,0.087271502,0.195407718,0.259168378,0.018696162
SPG7,0.15188362,0.112458422,0.088839861,0.095696512,0.268497751,0.15046743,0.132156405
ZNF614,0.195250999,0.185730223,0.217329608,0.039958211,0.118167767,0.146199643,0.097363548
ZMYM6NB,0.143151175,0.111480704,0.060224543,0.157132809,0.22021515,0.204093412,0.103702208
PARD6G,0.083040777,0.179027807,0.179007796,0.112333499,0.208286496,0.073064713,0.165238913
RNU6-79,0,0,0,0,0,0,0
FAM41C,0.216188655,0.1630798,0.237859785,0.097886306,0.06687206,0.160228258,0.057885135
MIR221,0.012098825,0.031577585,0,0.329436747,0,0.626886842,0
LINC00516,0.238763413,0.050780561,0.045748326,0.040907101,0.314571321,0.242056709,0.067172568
PTCHD3P1,0.376204603,0.039014286,0.010033814,0.085304201,0.240243101,0.249199994,0
INPP5B,0.125762143,0.144053886,0.182123926,0.101485296,0.155223213,0.091389319,0.199962217
GRPEL2,0.172550982,0.098874006,0.042760031,0.048169954,0.451182405,0.163866943,0.02259568
PPID,0.142067028,0.161495267,0.150005024,0.119629876,0.13569074,0.124674428,0.166437636
TRIM56,0.134115882,0.133025393,0.137373372,0.102198685,0.167788211,0.13962368,0.185874778
UBE2J1,0.119773239,0.076952117,0.155369646,0.132804034,0.248345792,0.182115624,0.084639549
MIR3150A,1,0,0,0,0,0,0
IL20RA,0.054396914,0.220016315,0.217414968,0,0,0.508171803,0
MIR4439,0,1,0,0,0,0,0
SNORA75,0.137008584,0.156838744,0.302301956,0,0,0,0.403850716
UTS2R,0,1,0,0,0,0,0
SAFB2,0.139300424,0.150798293,0.140464527,0.096960839,0.145920593,0.142106486,0.184448837
DNAJC25,0.301338838,0.098347699,0.028368527,0.219442561,0.043114006,0.309388368,0
MIR4783,0,0,0,0,0,0,0
